81 584 18211389
560 942 53365940
212 656 42288443
933 917 60996927
503 130 31157221
889 220 55659613
184 43 84823761
705 720 59497597
162 234 59020353
635 738 65117721
4 412 76204765
713 765 46821314
447 20 98591901
654 634 15652729
181 617 96134601
833 742 83008552
87 892 96285710
964 556 23884276
868 276 30169037
863 216 30417841
135 607 82006141
138 429 40416081
200 10 64656491
83 522 89149633
768 45 31897501
824 269 5813753
623 559 8678386
746 818 91950862
428 851 76622337
490 899 38289675
109 237 79598179
565 961 78483111
336 187 72322556
214 567 43826896
374 397 20989277
147 22 43744413
644 618 80011908
222 22 42652654
30 614 71837926
824 543 29941911
325 482 43662854
725 420 983751
73 912 77770337
861 339 11537078
147 26 51676225
375 263 45207126
110 487 36540545
121 539 55701512
977 937 22382621
575 768 58896469
18 888 91127125
37 529 22488065
249 1 88466271
101 795 66212910
118 136 14898697
530 900 7820825
228 756 4012292
777 674 24366406
331 636 73515561
934 965 53597491
573 802 49182593
433 903 54328783
353 615 56306915
609 320 57428727
280 741 12129859
917 122 35729089
659 233 75719585
743 699 33824841
306 102 52968201
61 224 48954471
32 171 57131056
925 609 8172725
369 55 79456037
347 727 61268929
937 750 16012493
207 113 19049709
826 513 9602921
809 749 8719366
925 257 51876753
355 211 23381484
639 154 32676726
648 925 78215236
125 381 48842759
53 125 61728631
438 81 65485018
673 114 15484826
95 138 28691612
791 868 11929772
605 162 87401086
253 190 83414626
374 990 51645602
885 834 79577301
254 586 79001895
259 865 7920379
674 930 50414401
688 28 79795818
471 54 86903705
660 204 88220637
145 841 69296041
172 236 97037139
0 0 0
